鲁菜
山东风味
0
5
0001
糖醋鲤鱼
55
10
1
0002
一品豆腐
35
7
0
0003
九转大肠
60
8
0
0004
油焖大虾
65
9
0
0005
葱烧海参
70
8
0
川菜
四川风味
0
6
1001
麻婆豆腐
30
6
0
1002
回锅肉
50
9
0
1003
夫妻肺片
50
8
0
1004
宫保鸡丁
45
9
0
1005
鱼香肉丝
55
10
0
1006
水煮鱼片
60
7
0
闵菜
福建风味
0
3
2001
佛跳墙
55
9
0
2002
闽醉排骨
55
7
0
2003
刷九品
60
8
0
粤菜
广东风味
0
6
3001
白切鸡
35
7
0
3002
蜜汁叉烧
25
5
0
3003
清蒸石斑鱼
65
9
0
3004
龙虎斗
100
8
0
3005
清蒸七星斑
80
8
0
3006
红烧乳鸽
65
6
0
苏菜
江苏风味
0
5
4001
松鼠桂鱼
50
6
0
4002
蟹粉狮子头
45
7
0
4003
金陵盐水鸭
35
5
0
4004
叫花鸡
50
9
0
4005
鸡汁煮干丝
35
8
0
浙菜
浙江风味
0
4
5001
西湖醋鱼
45
5
0
5002
龙井虾仁
55
8
0
5003
东坡肉
65
8
0
5004
油焖春笋
35
7
0
徽菜
安徽风味
0
4
6001
黄山炖鸽
35
7
0
6002
腌鲜鳜鱼
45
7
0
6003
徽州毛豆腐
25
8
0
6004
一品锅
50
8
0
湘菜
湖南风味
0
4
7001
辣椒炒肉
35
8
0
7002
腊味合蒸
40
7
0
7003
剁椒鱼头
45
9
0
7004
东安子鸡
55
8
0
其他
暂无介绍
0
3
8001
纸巾
5
7
0
8002
饮料畅饮
10
4
0
8003
米饭
2
5
0
