鲁菜
山东风味
0
3
0001
油焖大虾
85
9
0
0002
一品豆腐
35
7
0
0003
九转大肠
55
8
0
川菜
四川风味
0
3
1001
麻婆豆腐
30
6
0
1002
宫保鸡丁
55
9
0
1003
水煮鱼片
45
5
0
闵菜
福建风味
0
3
2001
佛跳墙
45
8
0
2002
闽醉排骨
65
5
0
2003
刷九品
75
8
0
粤菜
广东风味
0
3
3001
白切鸡
35
7
0
3002
蜜汁叉烧
25
5
0
3003
清蒸石斑鱼
65
9
0
苏菜
江苏风味
0
3
4001
松鼠桂鱼
50
6
0
4002
蟹粉狮子头
45
7
0
4003
金陵盐水鸭
35
5
0
浙菜
浙江风味
0
3
5001
西湖醋鱼
45
5
0
5002
龙井虾仁
55
8
0
5003
东坡肉
65
8
0
徽菜
安徽风味
0
3
6001
黄山炖鸽
35
7
0
6002
腌鲜鳜鱼
45
7
0
6003
徽州毛豆腐
25
8
0
湘菜
湖南风味
0
3
7001
辣椒炒肉
35
8
0
7002
腊味合蒸
40
7
0
7003
剁椒鱼头
45
9
0
其他
暂无介绍
0
3
8001
纸巾
5
3
0
8002
饮料畅饮
10
4
0
8003
米饭
2
5
0
